<?xml version="1.0"?>
<opencv_storage>
<Q type_id="opencv-matrix">
  <rows>4</rows>
  <cols>4</cols>
  <dt>d</dt>
  <data>
    1. 0. 0. -2.8843141937255859e+02 0. 1. 0. -3.7544486999511719e+02 0.
    0. 0. 1.0697356932309633e+03 0. 0. 2.2586985674931032e-02
    1.0427577853364816e+01</data></Q>
</opencv_storage>
