<?xml version="1.0"?>
<opencv_storage>
<Q type_id="opencv-matrix">
  <rows>4</rows>
  <cols>4</cols>
  <dt>d</dt>
  <data>
    1. 0. 0. -4.6753350830078125e+02 0. 1. 0. -3.7577459335327148e+02 0.
    0. 0. 1.0041450434817916e+03 0. 0. 2.4031764536358777e-02
    3.2393086691570696e+00</data></Q>
</opencv_storage>
